1: old vs new - (10 vs 90) winrate_new: 0.9 (34) => model     updated
2: old vs new - (25 vs 75) winrate_new: 0.75 (34) => model     updated
3: old vs new - (20 vs 80) winrate_new: 0.8 (33) => model     updated
4: old vs new - (10 vs 90) winrate_new: 0.9 (32) => model     updated
5: old vs new - (18 vs 82) winrate_new: 0.82 (35) => model     updated
6: old vs new - (10 vs 90) winrate_new: 0.9 (34) => model     updated
7: old vs new - (17 vs 83) winrate_new: 0.83 (33) => model     updated
8: old vs new - (5 vs 95) winrate_new: 0.95 (31) => model     updated
9: old vs new - (20 vs 80) winrate_new: 0.8 (33) => model     updated
10: old vs new - (32 vs 68) winrate_new: 0.68 (36) => model     updated
11: old vs new - (37 vs 63) winrate_new: 0.63 (31) => model     updated
12: old vs new - (25 vs 75) winrate_new: 0.75 (30) => model     updated
13: old vs new - (15 vs 85) winrate_new: 0.85 (32) => model     updated
14: old vs new - (22 vs 78) winrate_new: 0.78 (33) => model     updated
15: old vs new - (27 vs 73) winrate_new: 0.73 (30) => model     updated
16: old vs new - (10 vs 90) winrate_new: 0.9 (31) => model     updated
17: old vs new - (32 vs 68) winrate_new: 0.68 (33) => model     updated
18: old vs new - (15 vs 85) winrate_new: 0.85 (32) => model     updated
19: old vs new - (30 vs 70) winrate_new: 0.7 (32) => model     updated
20: old vs new - (22 vs 78) winrate_new: 0.78 (31) => model     updated
21: old vs new - (42 vs 58) winrate_new: 0.58 (29) => model     updated
22: old vs new - (13 vs 87) winrate_new: 0.87 (31) => model     updated
23: old vs new - (35 vs 65) winrate_new: 0.65 (32) => model     updated
24: old vs new - (20 vs 80) winrate_new: 0.8 (31) => model     updated
25: old vs new - (47 vs 53) winrate_new: 0.53 (31) => model NOT updated
26: old vs new - (41 vs 59) winrate_new: 0.59 (32) => model     updated
27: old vs new - (19 vs 81) winrate_new: 0.81 (31) => model     updated
28: old vs new - (11 vs 89) winrate_new: 0.89 (29) => model     updated
29: old vs new - (30 vs 70) winrate_new: 0.7 (30) => model     updated
30: old vs new - (11 vs 89) winrate_new: 0.89 (31) => model     updated
31: old vs new - (20 vs 80) winrate_new: 0.8 (30) => model     updated
32: old vs new - (8 vs 92) winrate_new: 0.92 (28) => model     updated
33: old vs new - (25 vs 75) winrate_new: 0.75 (29) => model     updated
34: old vs new - (33 vs 67) winrate_new: 0.67 (31) => model     updated
35: old vs new - (45 vs 55) winrate_new: 0.55 (31) => model NOT updated
36: old vs new - (49 vs 61) winrate_new: 0.61 (30) => model     updated
37: old vs new - (12 vs 88) winrate_new: 0.88 (31) => model     updated
38: old vs new - (25 vs 75) winrate_new: 0.75 (31) => model     updated
39: old vs new - (38 vs 62) winrate_new: 0.62 (30) => model     updated
40: old vs new - (33 vs 67) winrate_new: 0.67 (30) => model     updated
41: old vs new - (36 vs 64) winrate_new: 0.64 (30) => model     updated
42: old vs new - (22 vs 78) winrate_new: 0.78 (29) => model     updated
43: old vs new - (33 vs 67) winrate_new: 0.67 (28) => model     updated
44: old vs new - (36 vs 64) winrate_new: 0.64 (30) => model     updated
45: old vs new - (58 vs 42) winrate_new: 0.42 (31) => model NOT updated